22000009982
22000020062
22000020537
22000020538
22000020559
22000032441
22000104949
22000105114
22000105116
22000105122
22000105123
22000107323
22000107324
22000107325
22000108106
22000109449
22000113983
22000114303
22000114304
22000114305
22000117196
22000118060
22000118337
22000119522
22000119539
22000119540
22000119541
22000119665
22000123148
22000123149
22000123150
22000123278
22000123744
22000126724
22000127237
22000127238
22000127874
22000127878
22000127886
22000127891
22000127892
22000127893
22000127894
22000129415
22000129416
22000129430
22000129431
22000129432
22000129433
22000129434
22000129435
22000129436
22000129437
22000129438
22000129439
22000129440
22000129441
22000129454
22000129455
22000129456
22000129457
22000129458
22000129459
22000129891
22000129893
22000130309
22000130343
22000130775
22000131297
22000131298
22189410488
22191700319
22191700325
