123433
2000032540
2000103834
2000107151
2000123427
2000123593
2000123618
2000123624
2000123653
2000123654
2000127900
2000127985
2000130309
2000130343
2000132690
2000133231
2000133249
2000134988
2000135203
2000135534
22000011527
22000020037
22000020043
22000020044
22000020045
22000020046
22000020047
22000020048
22000020541
22000020544
22000020555
22000020556
22000020574
22000029457
22000029458
22000029459
22000029471
22000029513
22000029514
22000029515
22000029530
22000029531
22000029532
22000029533
22000032541
22000032542
22000032543
22000032544
22000032545
22000033306
22000033307
22000038889
22000038890
22000038908
22000100715
22000102731
22000103823
22000103824
22000103825
22000103829
22000103837
22000103896
22000104784
22000104785
22000105653
22000106716
22000107142
22000107146
22000107147
22000107150
22000107152
22000107153
22000107162
22000107163
22000107164
22000107165
22000107174
22000107175
22000107176
22000107177
22000107182
22000107200
22000107303
22000107304
22000107305
22000107306
22000107307
22000107308
22000107309
22000107310
22000107311
22000107312
22000107313
22000107314
22000107315
22000107316
22000108236
22000108237
22000108238
22000108239
22000108240
22000108241
22000108242
22000108243
22000108404
22000108405
22000108406
22000108407
22000108408
22000108409
22000108412
22000108413
22000109307
22000109344
22000109346
22000109351
22000109357
22000109371
22000109887
22000109888
22000109890
22000109891
22000109893
22000109894
22000109895
22000109896
22000109897
22000109898
22000109899
22000109900
22000109901
22000109902
22000109903
22000109910
22000109926
22000109938
22000109940
22000109945
22000109947
22000109962
22000109964
22000109970
22000109971
22000110207
22000110208
22000110209
22000110210
22000110211
22000110212
22000110213
22000110214
22000110215
22000110216
22000110217
22000110218
22000110267
22000110268
22000110269
22000110270
22000110271
22000110272
22000110273
22000110274
22000110275
22000110276
22000110277
22000110278
22000110279
22000110280
22000110281
22000110282
22000110283
22000110284
22000110285
22000110286
22000110287
22000110288
22000110289
22000110290
22000110291
22000110292
22000110293
22000110294
22000110295
22000110296
22000110297
22000110298
22000110299
22000110300
22000110301
22000110302
22000110399
22000110400
22000110401
22000110402
22000110403
22000110404
22000110411
22000110412
22000110413
22000110414
22000110415
22000110416
22000110614
22000110615
22000110616
22000110617
22000110618
22000110620
22000110704
22000110706
22000110867
22000111114
22000111115
22000111116
22000111117
22000111118
22000111119
22000111121
22000111128
22000111129
22000111130
22000111131
22000111132
22000111133
22000111546
22000111547
22000114096
22000114126
22000115991
22000115992
22000116523
22000116964
22000116965
22000116966
22000116967
22000116968
22000116969
22000116970
22000116971
22000116972
22000116973
22000116974
22000116975
22000116976
22000116977
22000116978
22000116979
22000116980
22000116981
22000116982
22000116983
22000116984
22000116985
22000116986
22000116987
22000116988
22000116989
22000116990
22000116991
22000116992
22000116993
22000116994
22000116995
22000116996
22000116997
22000116998
22000116999
22000117000
22000117001
22000117002
22000117003
22000117004
22000117005
22000117006
22000117007
22000117008
22000117009
22000117010
22000117011
22000120899
22000121986
22000122857
22000122858
22000122859
22000122860
22000122861
22000122862
22000122863
22000122864
22000122865
22000122866
22000122868
22000122869
22000122870
22000122871
22000122872
22000122874
22000122875
22000122876
22000122877
22000122878
22000122879
22000122880
22000122881
22000122882
22000122883
22000122884
22000122885
22000122886
22000123428
22000123429
22000123430
22000123431
22000123432
22000123434
22000123435
22000123436
22000123437
22000123439
22000123584
22000123587
22000123588
22000123589
22000123590
22000123591
22000123592
22000123594
22000123595
22000123596
22000123597
22000123598
22000123599
22000123600
22000123601
22000123602
22000123603
22000123604
22000123605
22000123606
22000123607
22000123608
22000123609
22000123610
22000123611
22000123612
22000123613
22000123614
22000123615
22000123616
22000123617
22000123619
22000123620
22000123621
22000123622
22000123623
22000123625
22000123626
22000123627
22000123636
22000123637
22000123638
22000123639
22000123640
22000123641
22000123642
22000123643
22000123644
22000123645
22000123646
22000123647
22000123648
22000123649
22000123650
22000123651
22000123652
22000123655
22000123656
22000123657
22000123658
22000123659
22000123660
22000123661
22000124649
22000124650
22000124651
22000124659
22000124660
22000125149
22000127233
22000127234
22000127235
22000127236
22000127239
22000127240
22000127241
22000127242
22000127243
22000127244
22000127247
22000127248
22000127249
22000127250
22000127871
22000127872
22000127873
22000127875
22000127876
22000127877
22000127883
22000127884
22000127885
22000127899
22000127900
22000127901
22000127902
22000127903
22000127904
22000127905
22000127906
22000127907
22000127908
22000127909
22000127910
22000127917
22000127918
22000127984
22000127986
22000127988
22000127989
22000127990
22000127991
22000127992
22000128000
22000128001
22000128002
22000128003
22000128004
22000128005
22000128006
22000128007
22000128831
22000128888
22000129132
22000129133
22000129417
22000129419
22000129420
22000129421
22000129422
22000129423
22000129424
22000129426
22000129428
22000129429
22000129602
22000129900
22000130329
22000130330
22000130331
22000130332
22000130337
22000130338
22000130339
22000130340
22000130341
22000130342
22000130344
22000130345
22000130346
22000130347
22000130348
22000130779
22000130900
22000130999
22000131000
22000131001
22000131007
22000132687
22000132688
22000132689
22000132690
22000132691
22000132692
22000132693
22000132694
22000132708
22000132709
22000132710
22000132711
22000132712
22000132713
22000132714
22000132721
22000132722
22000132723
22000132724
22000132725
22000132726
22000132727
22000132728
22000132747
22000132755
22000132756
22000132757
22000132758
22000132761
22000132762
22000132763
22000132764
22000132765
22000132766
22000132767
22000132857
22000132858
22000132859
22000132869
22000132870
22000132890
22000132891
22000133067
22000133068
22000133069
22000133070
22000133071
22000133072
22000133073
22000133074
22000133075
22000133076
22000133077
22000133078
22000133081
22000133082
22000133083
22000133084
22000133085
22000133086
22000133087
22000133088
22000133117
22000133120
22000133121
22000133136
22000133137
22000133138
22000133199
22000133226
22000133227
22000133228
22000133229
22000133230
22000133231
22000133232
22000133233
22000133234
22000133235
22000133236
22000133237
22000133238
22000133239
22000133240
22000133241
22000133242
22000133243
22000133244
22000133245
22000133246
22000133247
22000133248
22000133250
22000133251
22000133252
22000133253
22000133254
22000133255
22000133256
22000133257
22000133258
22000133259
22000134958
22000134959
22000134960
22000134961
22000134962
22000134963
22000134964
22000134965
22000134966
22000134967
22000134968
22000134969
22000134970
22000134971
22000134972
22000134973
22000134974
22000134988
22000134989
22000134990
22000134991
22000134992
22000134993
22000134994
22000134995
22000134996
22000134997
22000134998
22000134999
22000135000
22000135196
22000135197
22000135198
22000135199
22000135200
22000135201
22000135202
22000135203
22000135204
22000135205
22000135206
22000135207
22000135208
22000135238
22000135239
22000135240
22000135241
22000135242
22000135243
22000135244
22000135245
22000135246
22000135247
22000135248
22000135249
22000135250
22000135251
22000135252
22000135253
22000135254
22000135255
22000135256
22000135257
22000135258
22000135259
22000135260
22000135261
22000135262
22000135263
22000135264
22000135456
22000135457
22000135458
22000135459
22000135460
22000135461
22000135462
22000135463
22000135464
22000135465
22000135466
22000135467
22000135468
22000135469
22000135470
22000135471
22000135472
22000135473
22000135474
22000135475
22000135530
22000135531
22000135532
22000135533
22000135534
22000135535
22000135709
22000135710
22000135711
22000135712
22000135713
22000135714
22000135715
22000135716
22000135717
22000135718
22000135719
22000135720
22000135721
22000135722
22000135723
22000135724
22000135725
22000135726
22000135727
22000135728
22000135783
22000135784
22000135785
22000135786
22000135787
22000135788
22094061904
22094061905
22094061906
22094061907
22094061908
22094061909
22094061914
22094061920
22094061921
22094061922
22094061923
22094061924
22094061925
22094061926
22094061927
22094061928
22094061929
22094061930
22094061931
22094061933
22094061934
22094061935
22094061936
22094061939
22094061940
22094061941
22094061942
22191701343